1 0.101831 2 25.83333333
1 0.441663 2 25.5
1 0.0861547 1 25.58333333
1 0.135536 1 23.58333333
1 0.198476 2 23.33333333
1 0.0958668 1 24.5
1 0.056721 2 24
1 0.135251 2 24.58333333
1 0.10478 2 22.16666667
1 0.23159 1 19.5
1 0.0686661 2 19.66666667
1 0.116771 2 20.5
1 0.110625 2 18.5
1 0.0475303 1 19.5
1 0.0606973 2 21.66666667
1 0.0569563 1 22.58333333
1 0.10881 2 24.41666667
1 0.0844683 2 21
1 0.0653332 1 16.41666667
1 0.0770889 1 15.58333333
1 0.0731118 2 20.75
1 0.113763 2 22.41666667
1 0.161344 2 18.08333333
1 0.0859665 1 17.58333333
1 0.0872864 1 16.75
1 0.12978 2 21.25
1 0.158625 2 18.66666667
1 0.0803007 1 23
1 0.0863811 1 19.08333333
1 0.0519136 1 23.33333333
1 0.0571691 1 18.83333333
1 0.116437 1 19.25
1 0.118848 1 18.83333333
1 0.116839 1 20.66666667
1 0.0811316 1 21.08333333
1 0.0866979 2 22.58333333
1 0.065143 1 23.25
1 0.161177 2 21.83333333
1 0.0942609 2 21.91666667
1 0.112277 1 21.08333333
1 0.0649521 2 24.25
1 0.440448 2 20.16666667
1 0.264111 1 19.5
1 0.120072 1 18.5
1 0.0767762 2 22.58333333
1 0.246515 1 23.16666667
1 0.112956 1 24.33333333
1 0.0997067 2 19.5
1 0.0669977 2 21.75
1 0.124815 1 21.66666667
1 0.0715424 1 21.41666667
1 0.154927 1 19.41666667
1 0.263935 1 13.08333333
1 0.307894 2 14.33333333
1 0.0562075 2 20.5
1 0.0666167 2 13.16666667
1 0.0643089 2 20.83333333
1 0.0654312 1 18.33333333
1 0.085762 1 18.66666667
