1 0.0945294 2 21.25
1 0.0594779 1 19.5
1 0.100806 2 19.75
1 0.031224 2 20.1666666666667
1 0.0597061 1 20.6666666666667
1 0.0523399 1 18.6666666666667
1 0.0575716 2 14.5
1 0.107641 1 13.75
1 0.0744616 2 13.0833333333333
1 0.0676478 2 18.4166666666667
1 0.0383566 2 16.1666666666667
1 0.0485851 2 14.25
1 0.0345634 1 18
1 0.0713286 2 13.1666666666667
1 0.0556658 2 14.4166666666667
1 0.0694038 2 10.8333333333333
1 0.779766 1 10
1 0.18329 2 10.1666666666667
1 0.0570679 1 10.8333333333333
1 0.0798029 2 9.83333333333333
1 0.0839883 2 20
1 0.0717117 2 15.5
1 0.0398719 1 17
1 0.106143 2 19.3333333333333
1 0.195063 2 15.75
1 0.140942 1 13.4166666666667
1 0.0703619 2 9.66666666666667
1 0.0841744 1 16.3333333333333
1 0.0682999 2 13.8333333333333
1 0.0545023 2 16.8333333333333
1 0.0724359 2 18.4166666666667
1 0.0598267 2 15.75
1 0.0420881 1 16.0833333333333
1 0.16208 1 14.6666666666667
1 0.127824 1 13.5833333333333
1 0.107079 1 8.58333333333333
1 0.179853 2 8.91666666666667
1 0.103309 2 12
1 0.0526247 2 17.3333333333333
1 0.0929088 1 12.25
1 0.0624108 1 12.8333333333333
1 0.085557 2 8.16666666666667
1 0.053288 2 17.3333333333333
1 0.0800507 1 13.3333333333333
1 0.0778946 2 18.9166666666667
